ANZdiv,A,B,C,D,E,F,G,H,I,J,K,L,M,N,O,P,Q,R,S,T,Q1,Q2,Q3,Q4,Q5,Q6,Q7,T6
A,13.336263782682824,4.3255822407246844,30.388003438630633,1.2436355358653461,3.640439799768236,2.4383882992120456,7.8675475174752325,7.604864008832451,1.2620626043039176,0.9186527996688411,1.0054041427132479,10.93576531956005,1.1767210572856868,1.082640343358883,1.2486598698519487,1.1174348523403652,1.6807334371446474,0.9678935846758687,1.5620335303268176,0.0,7.684875930340794,3.728464917510607,6.635695978277086,3.0784534535507566,0.0,0.0,57.5615734097118,172.49178985381315
B,1.584081409416895,52.12275332404464,67.43241730131442,36.126798075684654,16.776987498772485,2.095429137587843,1.844957859899411,3.4803513414592167,8.01205848579058,0.9614883611108782,1.2802702311182514,4.778545804491137,4.572045223466779,2.065895551092,1.5458439873653538,1.6887895633910173,1.7183590234303618,0.7120660690789067,1.3128293166925913,1.6508132659607109,3.741090929656014,1.382497535521295,11.716415164921624,7.474738307426046,0.0,0.0,2123.851331358834,2359.928854127527
C,14.957240264906313,206.10172963735263,660.6797198324298,26.124590744024477,129.54429228232024,10.870886862887515,14.981977294897854,40.05813830483523,72.86322063453075,2.9862390147678894,1.7558752728802234,17.667495194277265,14.478188326071841,4.025045505407517,11.876345873603501,9.658947554397724,14.499353700087216,1.2115436931629424,12.23863659496235,3.1723531818317645,54.67636110211637,65.8662985038753,34.75828021744665,27.502000349335855,0.0,0.0,4338.073792230204,5790.628552172614
D,5.291972925410916,12.340781345240941,623.6366041541265,12.004366029472905,8.90007169629475,3.366733408076997,5.928264438475317,7.307181940503572,9.013256106314575,1.9500335726336562,1.6135456182770425,11.682322789948998,8.041050327073176,4.66456619968947,7.605813256029086,4.131518134417078,5.024238133664305,1.1989458765811434,2.0863825930947764,3.2543025752826407,19.849436653473507,7.914613944907556,6.957447033451967,7.801417746787124,0.0,0.0,10.518517207754531,792.0833837069827
E,9.292344895623584,134.3549482674507,64.42130379889713,56.62277946054551,286.9201866002189,8.461830599894276,6.557727964386769,9.79506893002926,47.17960219860566,1.813026915644192,2.461325438978738,61.921174056719956,22.037529097836238,5.2463763216410415,29.670094334426363,4.126756711273624,4.3591923095830625,1.1464524870200599,4.820596240567712,62.27178596680702,1.4217749586487516,4.854006241088821,167.55700651337415,112.50617338911638,0.0,0.0,100.77530795858424,1210.594371656962
F,6.393295312358942,13.077424413470553,14.684376539623885,7.305439282619652,12.111807709424133,5.774968267824455,7.076892616742253,7.367008119949513,10.677986247143192,1.9927752246321588,2.202072284108534,8.045565128490702,7.071658210067679,3.504392779748315,4.505214017261581,5.7082126404726665,6.633115901390507,1.325136021535814,6.541171773595743,1.6740538853866709,28.971398965096217,2.9501350453808803,10.175259729229737,7.225969720408409,0.0,0.0,21.704276642714575,204.69960647867714
G,2.4031816477606998,15.175724519827481,32.084546020003955,5.584048793461892,14.047193946847873,4.863840012693206,7.447150051176536,5.899420239625184,13.723271374288911,1.0061063270732695,2.3279596651168983,5.963963430899573,3.752900643145234,1.7456559173349038,2.414572511311494,2.6642695607344544,5.423339337616211,1.1378433003649233,4.644000231019159,1.7525695666661072,70.45441756630909,19.553654740634872,6.4283206332617375,3.252938134432027,0.0,0.0,64.97748893443926,298.72837710604523
H,2.2684510241297295,12.450608003592802,29.438722418327043,3.815071006613159,9.816708755780787,2.22938816971398,3.224791008415959,1.9995851888502827,6.41453847211039,1.7887937091188792,2.423481173597415,4.330451458579685,8.505310929015456,4.1353421845406935,2.7156161460533004,3.372462837230516,2.0873629445753803,1.1815620935441018,2.2262154592328156,0.0,45.857710781672196,1.7227750438223046,1.1069999184225177,1.359395422599866,0.0,0.0,140.48610765174655,294.95745180128614
I,8.32192932113883,46.5186184654666,87.17462444299875,16.90968462310035,28.62170410462536,17.577603804546712,12.348742056049923,8.2101986833327,67.44889053675287,2.4499846376373147,4.33053035852307,16.79396559563223,15.569745494176559,7.247903247303908,9.98149970765971,10.039239059444743,7.0001130999389725,1.4936677020510933,4.973762205606972,1.5673060293424574,29.098994153692974,229.80237271930898,9.447089809199566,9.710416433898562,0.0,0.0,338.338251840965,990.9768381323946
J,1.1311272621994812,1.693917520583217,1.8917442302474692,1.7614649513169502,1.805506763522411,1.7599996545822745,1.7142214204617205,1.8799801913550263,1.9036362387125396,1.5874534318438416,1.6050367141889323,1.7950351152969912,1.7570610233733484,1.8390411378990925,1.8307867600833456,1.9358766601644226,1.8009918696084322,0.7074650342756266,1.843369723625791,0.0,17.181603538756256,1.9635278048135052,1.8735241414780286,1.85798690477285,0.0,0.0,1.8153661424699865,56.93572423563191
K,4.947868679577027,6.707939366838178,6.085901167104211,6.90665912451032,6.289127469153165,4.223675327975458,5.267991498830324,5.44011564687878,6.460316725617552,1.4706242195755868,6.105139618110606,6.520968380570104,6.416065940032455,4.3485038141421155,5.811739210302348,5.267290915596689,4.542046371194114,1.1068359389911,2.597007857462545,6.596225310321556,66.14607488391933,1.6308485651536881,4.058472381478327,2.638348471294818,0.0,0.0,2.1276352221172496,179.713422106748
L,4.780170956563379,106.74150538353632,121.59635959458397,13.424404490624704,51.005157400013694,22.067198497434266,37.11656206504893,32.14188157423375,57.97063986261295,3.349429308022103,4.291534204169126,224.34151391737183,41.948931794987786,17.826952433815205,9.29490614907059,12.531428735298112,8.34367827473894,1.056952918386531,8.184611418823497,6.795052912083423,0.7903610539515684,10.47476348640208,35.56207202301237,5.005290502958356,0.0,0.0,91.49356549178549,928.1349244495293
M,7.244318383275321,31.319921461082338,43.711048726857065,30.11380249915785,27.951860952611913,11.88507956085853,17.186730108017734,6.319785401273769,27.30063001212501,4.305295733404113,16.512007679454598,36.38162889141005,38.157843500742686,14.415559777362404,17.467544716525474,12.404295903889205,10.07191676774337,1.3642331552610594,9.12987880109443,2.634190209518604,4.760394207703217,30.25950655969739,22.392123533137305,14.415762331184514,0.0,0.0,72.80415662583634,510.5095154992245
N,3.8211064462643662,9.195797136870056,12.780670421666015,8.26250498817947,9.812984100600662,5.62638203289484,6.103555307260124,8.934561428814474,12.330419304681497,2.1499377292437725,7.104976378091958,12.912337288607315,11.671907764886384,7.366452895211824,7.198201907546282,7.848172407335538,8.010445924731503,1.8149259621500236,5.552562323851638,3.078177111052346,3.0447857575994477,14.55791231919573,1.7579613377801109,1.4776714661978376,0.0,0.0,13.78761671355726,186.20202645427082
O,1.7367740862653527,11.884833230052788,13.92640665201597,3.989926014709104,8.500442195256328,1.5412623030103334,2.736851971897176,1.511115907571135,11.643530972455457,2.069374217868704,2.6730595592306865,7.5988620679350705,8.35336939369255,3.5514858858292593,7.061664468799335,5.207983111350568,3.3677521295408885,1.107006784140245,3.472932507991453,1.2941360673729843,1.2934506546885887,161.3480030756394,5.807004029928851,2.4964152723734494,0.0,0.0,9.953714136132456,284.1273566957484
P,1.1255644005232603,2.837129901285388,5.828615011881808,1.7729679020687175,1.2534875466901587,1.2300353113501588,1.2426888968930052,1.294243083926199,2.3567344618675383,1.1870652726404043,2.03865832926733,1.3786145541014787,2.6156957363302866,1.1066843137839975,1.085268233025366,4.3942837999003155,1.5866200823660768,0.9825271110649836,1.579726102879818,0.0,38.48927091905058,167.81121789938683,3.335652544908237,1.708449550173444,0.0,0.0,36.19406719241821,284.4352681577839
Q,1.2795887920005953,2.1069273907899655,6.6860948543029854,1.23820757733836,1.733840445954154,1.1572741837801452,1.322832139661609,1.2763458867588044,1.7772531167335328,1.1866355683277892,2.631917554415662,1.4860650705269451,1.2771519203273773,1.002739563470251,1.919971884209517,1.8633144172881078,5.086720003789581,0.8048741126146499,1.147001419058752,0.0,47.43843288954511,168.6046321996775,1.5181711438445127,1.4795163532953588,0.0,0.0,12.951458794093579,268.9769672818052
R,0.7805497211429097,0.41409001571059273,0.20579705515656962,0.4911584043085198,0.24048228232901056,0.8812151625335491,0.7721748490615041,0.9540927645032771,0.9487409299416268,0.13461891984222454,0.9285522538400324,0.0573799229895041,0.012773417816991059,0.9476173128829527,0.8245577013235761,0.7699835736134314,0.5813701685938243,0.1822469356569088,0.6720770862112272,0.0,15.837843923991318,0.30958694892851923,0.6231619645878105,0.5331830060938249,0.0,0.0,0.28604422580656524,28.389298546865117
S,2.4226813568919643,17.575609735941317,17.72542341638601,8.278376364678559,8.915578727235326,3.3711636656360175,4.1867012360047315,2.4148722461197454,15.5719565613722,2.362661986110042,1.2293307770114377,5.297064271792559,5.620916294519056,3.6148011455986735,2.8969634888235403,2.732479801159091,4.043328056310323,1.1153976245925106,3.3881743026765254,1.7115143073155494,26.415120500980706,4.949376252745746,1.946105380812296,1.5540510440127984,0.0,0.0,12.125429487514092,161.4650780322412
T,0.0,0.0,0.0,0.0,0.0,0.0,0.0,0.0,0.0,0.0,0.0,0.0,0.0,0.0,0.0,0.0,0.0,0.0,0.0,0.0,152.45729337367024,2.289101730672975,0.0,0.0,0.0,0.0,382.9807291314965,537.72712423584
`P1,17.776152152683366,173.7516730287092,486.08922719027225,126.30230172519006,123.51603561976546,36.43268303869448,75.48390547827417,56.258001843294004,154.55684236017905,5.634156397139872,36.479094630279484,154.98687227658274,162.1857480679976,56.965743914635006,90.40678501017098,111.87165335802352,100.73526125891057,1.900376213596904,26.722675322356466,0.0,0.0,0.0,0.0,0.0,0.0,0.0,0.0,1998.0551888867556
`P2,31.41043492631722,910.3188675650231,336.6243914946477,255.0030906972138,116.6853681946526,28.15286735567042,49.82430436818333,32.56613572337178,155.2432794687306,6.296323869848207,58.24720567243088,244.8467816147656,73.52548913420739,18.87042612608579,36.21879026874993,30.32768964668591,32.38588762934686,1.5592938966737944,18.8199329316498,392.25958694980886,0.0,0.0,0.0,0.0,0.0,0.0,0.0,2829.1861475340634
`P3,5.173088441855905,10.160284913297792,35.55853257596838,6.150486241739663,10.587820340531076,3.1932405872072698,1.6373715351267628,12.913345261579321,14.640699040839694,2.5187337861021866,6.285211977447516,18.45695291636433,6.370703660690708,3.11875154876051,4.160575168638588,3.4938044418716223,3.170278474825276,1.242438890717692,2.0851475157600885,15.397065734383647,253.36478557037168,0.0,43.77260096673591,2.593360379330565,0.0,0.0,19.34469130661069,485.38997127675714
`P4,4.040894603743332,15.338703294496238,27.10935287551776,21.882805823839256,13.093727230664214,5.532987055158008,9.59086769477318,9.621360253873558,17.785255093755122,2.1246643362605253,7.691319650020258,27.484456107031768,11.452295552165216,6.665375629021018,5.473038802426033,3.6195144835783615,6.155989907826486,1.1255566827839587,5.371491632032779,29.167743003946583,0.0,0.0,0.0,0.0,0.0,0.0,0.0,230.32739971291403
`P5,0.0,0.0,0.0,0.0,0.0,0.0,0.0,0.0,0.0,0.0,0.0,0.0,0.0,0.0,0.0,0.0,0.0,0.0,0.0,0.0,0.0,0.0,0.0,0.0,0.0,0.0,0.0,9.734922282453654e-14
`P6,20.972709061081034,563.4134839661392,3064.868668959655,140.76881335071946,318.8235599939293,19.965474179454485,17.26356772903168,29.709797830315157,273.8920173229295,4.691648897115579,6.48991292347618,42.47114327558349,53.93841298931607,10.844072905656136,20.912903222491224,37.659865988326885,30.668872474848357,1.9440564579446455,30.492861141667536,3.4502481587594325,2403.6638152079263,222.49923490136604,203.9414844330176,89.40156230099002,0.0,0.0,1632.9520234293134,9245.70021110105
`T3,172.49178985381292,2359.928854127527,5790.628552172614,792.0833837069824,1210.594371656962,204.6996064786769,298.728377106045,294.9574518012859,990.9768381323944,56.935724235631696,179.71342210674777,928.1349244495291,510.5095154992243,186.2020264542706,284.1273566957482,284.4352681577837,268.97696728180495,28.389298546865156,161.46507803224097,537.7271242358398,3292.63929352316,1124.47253043573,581.3708488783059,305.07310054023253,-8.896960131622161e-14,-8.897084074194507e-14,9485.10314513411,30330.364849243524
