s = 6
ctime() = 'Wed Sep 28 18:03:52 2022'
_ampl_elapsed_time = 7.03463
_total_solve_time = 60.3444
_total_solve_system_time = 0.833536
_total_solve_user_time = 59.5109

s = 6
ctime() = 'Wed Sep 28 18:07:20 2022'
_ampl_elapsed_time = 5.52899
_total_solve_time = 59.3537
_total_solve_system_time = 0.768571
_total_solve_user_time = 58.5852

