s = 7
ctime() = 'Wed Sep 28 18:03:56 2022'
_ampl_elapsed_time = 7.33265
_total_solve_time = 63.7528
_total_solve_system_time = 0.889004
_total_solve_user_time = 62.8638

s = 7
ctime() = 'Wed Sep 28 18:07:24 2022'
_ampl_elapsed_time = 6.55491
_total_solve_time = 62.8898
_total_solve_system_time = 0.826665
_total_solve_user_time = 62.0631

