s = 0
ctime() = 'Fri Sep 30 23:21:14 2022'
_ampl_elapsed_time = 0.181569
_total_solve_time = 10.4311
_total_solve_system_time = 0.083312
_total_solve_user_time = 10.3478

