s = 1
ctime() = 'Fri Sep 30 21:27:34 2022'
_ampl_elapsed_time = 2.27358
_total_solve_time = 25.0017
_total_solve_system_time = 0.314541
_total_solve_user_time = 24.6871

