s = 7
ctime() = 'Fri Sep 30 21:28:37 2022'
_ampl_elapsed_time = 8.77005
_total_solve_time = 80.5064
_total_solve_system_time = 1.09708
_total_solve_user_time = 79.4093

