s = 3
ctime() = 'Fri Sep 30 21:27:54 2022'
_ampl_elapsed_time = 4.36095
_total_solve_time = 42.6294
_total_solve_system_time = 0.577341
_total_solve_user_time = 42.0521

