s = 1
ctime() = 'Wed Sep 28 20:05:51 2022'
_ampl_elapsed_time = 2.76011
_total_solve_time = 19.1915
_total_solve_system_time = 0.207498
_total_solve_user_time = 18.984

