s = 7
ctime() = 'Wed Sep 28 20:06:40 2022'
_ampl_elapsed_time = 8.96766
_total_solve_time = 62.1716
_total_solve_system_time = 0.751738
_total_solve_user_time = 61.4198

