s = 0
ctime() = 'Wed Sep 28 20:05:39 2022'
_ampl_elapsed_time = 0.119373
_total_solve_time = 10.008
_total_solve_system_time = 0.088603
_total_solve_user_time = 9.91939

