s = 6
ctime() = 'Wed Sep 28 20:06:36 2022'
_ampl_elapsed_time = 7.90311
_total_solve_time = 58.8342
_total_solve_system_time = 0.693592
_total_solve_user_time = 58.1406

