s = 9
ctime() = 'Thu Sep 29 23:12:10 2022'
_ampl_elapsed_time = 4.22131
_total_solve_time = 82.6949
_total_solve_system_time = 1.03501
_total_solve_user_time = 81.6598

