s = 6
ctime() = 'Thu Sep 29 23:11:48 2022'
_ampl_elapsed_time = 3.43087
_total_solve_time = 61.4549
_total_solve_system_time = 0.785537
_total_solve_user_time = 60.6693

