s = 5
ctime() = 'Thu Sep 29 23:11:40 2022'
_ampl_elapsed_time = 3.15913
_total_solve_time = 53.8795
_total_solve_system_time = 0.705898
_total_solve_user_time = 53.1736

