s = 3
ctime() = 'Thu Sep 29 23:11:28 2022'
_ampl_elapsed_time = 2.61366
_total_solve_time = 42.5978
_total_solve_system_time = 0.510323
_total_solve_user_time = 42.0874

