s = 4
ctime() = 'Wed Sep 28 18:03:40 2022'
_ampl_elapsed_time = 6.49558
_total_solve_time = 48.7665
_total_solve_system_time = 0.659416
_total_solve_user_time = 48.1071

s = 4
ctime() = 'Wed Sep 28 18:07:07 2022'
_ampl_elapsed_time = 3.41107
_total_solve_time = 48.3937
_total_solve_system_time = 0.589865
_total_solve_user_time = 47.8038

