s = 3
ctime() = 'Wed Sep 28 18:03:34 2022'
_ampl_elapsed_time = 6.22355
_total_solve_time = 43.2593
_total_solve_system_time = 0.572738
_total_solve_user_time = 42.6866

s = 3
ctime() = 'Wed Sep 28 18:07:00 2022'
_ampl_elapsed_time = 2.36863
_total_solve_time = 43.0133
_total_solve_system_time = 0.501738
_total_solve_user_time = 42.5116

