s = 5
ctime() = 'Wed Sep 28 18:03:46 2022'
_ampl_elapsed_time = 6.75232
_total_solve_time = 54.7417
_total_solve_system_time = 0.747747
_total_solve_user_time = 53.994

s = 5
ctime() = 'Wed Sep 28 18:07:13 2022'
_ampl_elapsed_time = 4.42886
_total_solve_time = 54.1609
_total_solve_system_time = 0.680517
_total_solve_user_time = 53.4803

