s = 8
ctime() = 'Wed Sep 28 17:23:28 2022'
_ampl_elapsed_time = 9.05774
_total_solve_time = 83.3196
_total_solve_system_time = 1.12225
_total_solve_user_time = 82.1974

