s = 3
ctime() = 'Fri Sep 30 22:26:14 2022'
_ampl_elapsed_time = 4.54589
_total_solve_time = 38.6433
_total_solve_system_time = 0.585905
_total_solve_user_time = 38.0574

