s = 7
ctime() = 'Fri Sep 30 22:27:01 2022'
_ampl_elapsed_time = 9.25774
_total_solve_time = 80.4918
_total_solve_system_time = 1.20686
_total_solve_user_time = 79.2849

