s = 2
ctime() = 'Fri Sep 30 22:26:02 2022'
_ampl_elapsed_time = 3.40607
_total_solve_time = 28.0752
_total_solve_system_time = 0.420598
_total_solve_user_time = 27.6546

