s = 1
ctime() = 'Fri Sep 30 22:25:53 2022'
_ampl_elapsed_time = 2.33159
_total_solve_time = 20.141
_total_solve_system_time = 0.284612
_total_solve_user_time = 19.8564

