s = 4
ctime() = 'Fri Sep 30 23:01:47 2022'
_ampl_elapsed_time = 6.08586
_total_solve_time = 37.0689
_total_solve_system_time = 0.615219
_total_solve_user_time = 36.4536

